VERTICES = 15
EDGES = 105
14 5
13 4
8 1
2 1
6 5
3 2
12 1
14 9
6 1
11 1
9 7
14 3
13 9
13 2
15 10
11 4
15 12
11 6
10 1
7 4
8 6
13 7
9 4
14 4
4 2
11 10
13 3
9 5
11 9
4 1
11 5
14 2
13 6
12 2
8 4
12 11
7 3
9 6
11 8
10 6
10 7
10 9
10 8
12 8
12 9
14 10
15 14
14 8
10 2
4 3
5 3
12 3
14 13
9 3
13 5
15 9
14 6
10 5
11 7
5 4
8 7
14 1
14 7
8 3
15 6
13 11
15 8
6 2
7 5
10 3
6 3
12 4
12 5
11 3
14 11
15 4
6 4
15 7
10 4
5 1
13 12
9 8
15 13
15 3
12 10
15 11
9 2
12 6
13 8
3 1
15 2
8 2
14 12
8 5
15 1
5 2
12 7
9 1
7 1
7 6
13 1
13 10
15 5
11 2
7 2
